43250
3069
37825
43941
40503
37986
38725
3305
43733
39612
40753
42242
36520
40427
43828
40105
39506
37738
44938
36545
41211
43721
43075
41936
41240
40619
37900
3172
43817
43820
2437
2362
42120
39259
3344
44360
39993
43809
39901
40937
38107
36604
40963
40209
43246
39019
2239
42800
3249
42428
42071
40867
2593
39360
41732
2693
37434
42294
40570
39468
42630
2776
39653
44716
37401
40452
37237
47914
44979
43484
39553
39440
2803
42106
42302
38039
42224
37360
38712
40997
42892
38749
44082
41852
37192
39446
42979
40383
2253
37676
2243
3003
40163
44899
39210
40253
3217
42034
3124
39767
36884
41286
42165
43692
38199
2373
2659
43247
38270
43912
41035
41177
41910
40108
2366
41375
43041
42210
43782
39704
41547
38933
42342
43652
41921
37405
1321
2767
38595
44164
37153
44045
43808
2970
40836
39046
2646
44829
37493
38449
37619
44709
40514
2295
41970
38360
42640
44582
42478
37992
38486
39477
40614
43939
42747
37791
41231
44427
36704
2863
37778
38076
37999
37816
42370
2799
44113
37121
41439
37815
40825
2953
40303
40302
3364
40884
42387
41971
1299
36230
43854
41378
37954
37868
43333
3144
1345
3047
43628
41866
2893
759
39261
42081
43244
42598
42226
3125
44468
43964
37587
42790
2760
41300
39311
38592
39404
38775
37578
42842
35981
44097
38571
40305
39340
40511
39472
36620
40188
2445
2474
3105
41706
38968
41671
39666
40871
42872
36926
42666
39886
39812
41322
43383
39392
42015
38920
42244
2824
44071
44067
44341
42668
2945
40058
2666
42749
2822
38052
3253
43640
38799
41154
43591
37818
42534
42874
36561
44385
42767
44975
44166
2694
42868
38265
2940
2309
45045
36844
3328
38925
38636
37447
42220
40107
43394
38288
38863
43638
42992
37074
39721
41640
39005
44233
43956
42409
40371
41156
37109
39665
2695
39900
39558
40925
37271
39707
41716
42468
40740
43171
42931
44960
38682
36981
2509
42377
38795
41142
39637
39524
37345
43093
37369
43911
3051
2421
38359
3213
36914
37178
39882
42517
42347
40013
42792
41441
37807
36427
37351
38389
43153
36852
40866
37285
37990
37321
39398
2526
40214
43783
42169
1314
39584
41690
39132
43501
42227
39513
2913
40890
40926
2557
42681
43689
38275
41423
40393
41695
42264
40587
37809
36555
43629
43105
36976
2849
37141
2484
42769
37779
39403
3057
3229
43877
42312
44721
42300
43133
38018
43168
41709
37161
41247
38212
39223
3322
43336
41748
43038
42595
43635
41108
42019
39530
3371
43921
43601
43888
44462
43684
2322
40337
42186
43707
42406
36912
44583
36829
42669
39402
38621
39618
39655
2324
40167
2363
42241
44212
41720
38416
40876
39020
41263
44520
43917
38859
41740
43293
42789
39581
38605
37735
42773
41236
42197
2577
43268
38661
3154
2537
38654
2417
40449
39173
38547
38409
41515
37930
37574
1410
36750
40886
2586
2872
40524
37773
2747
39725
2556
38758
49328
42863
44231
39209
39977
39156
37947
41965
38263
44025
38390
44775
38484
42458
38302
42330
37371
41628
42512
38994
39247
36972
41734
40180
38912
41876
40455
3287
40512
2862
40763
40849
42825
40869
44541
37038
43037
41562
41736
3360
39176
43674
41507
42718
45046
41491
37747
40577
42283
2750
42746
42754
42459
44042
43179
37985
38025
2580
39178
44816
36999
39766
38327
36651
38895
43491
36837
42282
40822
43512
40156
40718
43339
41890
2505
41508
3334
38897
40056
41679
39052
1095
37808
42424
43113
39631
42732
41103
3312
2981
39363
36178
43488
40191
42460
40110
43194
38549
42723
38193
42955
41947
42818
39358
43177
44299
38038
36601
42809
37229
42651
42114
41267
38314
37560
38739
43212
44443
39779
37546
39218
41996
43084
2790
44448
41237
43991
37856
39113
36824
37869
38407
42501
41939
40473
38710
42267
43951
42355
41929
40220
37983
42909
44060
44919
40535
43181
38402
37794
40916
40425
47915
2976
38397
39551
44345
44727
43944
43744
37030
41045
38523
37333
44232
3103
39514
45057
45080
2543
37590
37915
43407
2539
38301
37831
43704
44217
2541
43559
42218
40952
44372
44877
44169
43794
43785
42649
38915
3368
45137
3022
37826
38609
40491
38422
44307
48697
42385
42926
41255
2221
2841
3139
37101
40875
40384
37605
45064
41756
3208
44857
36571
38014
41889
41133
40456
38355
40386
38043
2238
2869
43550
1469
43532
38063
41208
41024
40546
39873
2281
41532
42765
42278
42313
42223
38878
42537
43406
37945
40905
38385
2323
40555
37670
3324
37934
42482
42966
39356
40185
2257
37781
39904
43641
3170
42880
2742
42095
40793
3365
2599
43066
38914
42829
3402
2339
40804
40157
44969
39452
41047
39616
2800
39238
42919
40403
42703
42522
38790
43220
43789
39382
42033
42804
41937
43157
36870
42663
40478
39515
2787
41625
2933
42023
43273
39138
41686
42505
39362
38305
40125
44185
41759
43345
39628
42905
39018
36721
2589
42140
42751
43613
44955
41580
41969
39206
43872
3361
2296
39039
2766
37072
3323
43067
43135
42634
38611
40494
44514
49530
42865
40806
42329
40552
42897
43361
42983
44186
37824
40196
2425
2449
40240
40079
2850
2372
43398
2865
43790
39606
37904
2658
41905
43032
37503
41941
39158
1393
38398
45070
40103
38232
40078
42191
43159
38867
44292
43039
40132
37018
37596
3114
42731
39161
41063
44586
40390
40230
43140
37642
2510
41755
2581
44593
37011
39950
41995
41055
43797
44061
2715
42638
2364
3006
43164
38326
38594
36584
43331
38313
42171
41296
3038
40124
43761
40730
44481
39365
43077
41944
38413
37664
42452
44633
37515
41565
37181
44239
44355
2263
44704
42617
40221
44414
42142
37406
36475
2196
39954
42964
38418
36961
2909
43680
41181
38364
39430
37275
41199
42658
41893
2502
44145
37645
37078
43185
40948
38103
44272
43502
39433
40724
42605
44516
39041
2259
38964
37697
44713
42603
43801
41200
36943
38291
39461
2242
37737
40165
38929
41674
37840
42611
37812
37797
38013
36398
41894
42646
38934
42893
42298
2758
42641
38806
40053
40755
2699
42063
42225
38414
43233
45104
42137
43112
42457
38112
43985
37227
37730
39693
38602
44872
44242
44267
40359
41064
37279
37481
2779
38350
40112
42561
39177
37394
41648
42947
44903
42233
39326
39536
37857
36697
44260
42673
37496
2590
38724
44616
40531
36731
2356
41909
42622
38974
43533
40333
739
44524
42445
43346
42045
37315
39576
43747
44230
38079
43705
39635
42345
37244
38714
2601
45033
38789
37410
41764
38408
35821
37988
37771
41907
43725
44538
38581
2680
43987
3191
42616
2335
1309
42341
38838
1374
37517
38940
37957
42696
39287
38375
2317
38943
38833
37933
44500
41693
42193
38419
1378
37759
44245
37591
40428
41786
36922
36911
37421
41783
39938
3321
42999
39331
43005
43381
40947
768
2487
36864
44015
2194
3148
38386
38675
3084
37454
40677
2535
42073
42096
38213
40930
44093
44256
44879
39147
36479
40015
41071
39224
40089
41687
38092
36910
40999
2420
41317
38604
37252
36936
3259
3290
43068
40887
43621
36777
41644
37814
36228
41268
3273
41777
37162
38011
3234
3280
42688
39372
43252
40537
44639
39169
41023
37776
39413
39975
43746
39749
2422
42656
38690
2377
38061
41861
37533
37907
38930
3068
41897
37785
38286
42780
44437
44952
2575
43555
40434
40498
43158
40234
37844
2740
35878
45055
48910
43024
2975
38228
36608
45027
3094
45035
2782
36655
36701
36960
42453
42846
42059
36238
43815
39696
2447
42080
40974
42890
38931
38981
42589
42348
42335
38748
37382
43441
2501
38411
36551
3056
38829
39859
45095
38365
41315
39594
3251
38988
42626
37864
3173
43095
2271
40728
40734
40097
39029
36933
44455
37425
3281
36621
44435
37680
43861
44144
42357
39429
40618
39761
42124
39813
36965
41137
43249
42862
42026
42888
1339
37887
39791
2346
37164
3174
38703
42128
43764
2351
3171
37471
37852
39959
2344
36920
39816
42943
37468
42514
41088
2651
43842
1334
42952
1408
2898
36496
40245
2236
40195
38922
42986
40648
3079
39868
41159
36946
40031
38776
39923
45013
3180
42317
2494
2353
42433
3179
39351
37570
2531
39231
36103
44347
43948
40800
41577
42076
44023
44532
2582
43219
40374
39141
41811
42742
2308
37066
2429
43222
38194
43787
44254
43025
37179
40749
41855
42464
44106
40629
38234
2448
44539
38133
40145
2868
42254
38916
42429
40468
2352
40016
44579
37022
2814
2219
45026
39600
39353
42340
37961
43623
3012
41959
41365
41104
42902
45031
41377
3160
36482
41481
40057
38809
43906
2241
2570
44922
39190
43115
42969
36612
37251
42847
38788
41711
44503
3350
43767
37586
43226
38420
40670
2962
40637
43174
38823
2968
40319
42072
41254
36723
2286
38722
2342
38614
44377
44143
38268
41770
2278
42757
44247
39076
43074
3207
43007
41804
41361
41391
36420
42507
39276
43449
3283
43666
38392
2223
42401
39554
40360
39411
38267
752
44495
43984
38394
43419
41158
41983
41332
40518
43114
43649
37823
2836
38023
41066
41318
36615
37729
37615
40426
40409
43271
2708
42172
37872
2946
36490
44720
38028
3178
3162
36525
37705
40404
44056
3010
44021
37366
37062
40957
38208
45016
40094
2777
44513
2807
2244
756
40313
37248
41530
45103
36550
41359
39458
40738
43841
37696
42741
43013
41667
43596
42194
44866
41867
38330
43059
2512
42187
2770
3045
41685
1362
42821
42972
40448
39640
42772
37138
40485
37514
43518
42164
38087
42884
41264
40551
39595
38464
40513
38470
42287
2733
38388
44943
40815
44300
37325
39233
38774
38404
2547
3146
38658
37495
42637
39741
2891
41815
44880
3080
38734
38494
3033
40985
40501
3222
36493
41171
40446
2359
38474
38796
40990
40801
3366
39876
2654
2304
42236
42815
38649
2399
37752
2204
41828
42078
42593
44027
43706
41898
36890
40714
42306
38540
754
36343
44229
2379
40805
40326
41849
40294
43366
36546
40332
43030
38335
37613
43528
42896
37782
37449
37536
41246
43357
43592
42941
36641
40591
44889
37461
42667
38415
44013
42652
42378
39566
40181
42363
3031
36944
37411
2788
43633
41834
37010
40565
2944
40395
39245
44836
39198
38679
1377
43582
43411
42158
40561
39577
41513
44719
43931
43323
41417
44870
42189
2704
38969
42131
2303
41193
42477
38451
42380
37937
39277
41773
42490
41850
41688
40610
39015
37016
38110
41993
40151
44149
44461
2275
2579
37175
39257
2621
44515
37245
43009
38669
38869
42932
42272
41275
42578
41013
36607
38396
39726
43885
47922
44497
44273
44445
39478
42481
42344
37921
45066
44846
36015
42022
41059
43101
43879
38707
42894
43585
2960
43598
41302
41209
43926
39129
40487
37375
41982
39278
44114
41228
39921
40099
36855
44268
38770
40129
39571
39251
43669
39502
38560
40126
42816
42374
37314
44728
38524
40367
43521
2384
41407
44034
41799
38926
42844
42358
2452
41552
41442
41949
40466
38307
44055
2208
2497
37289
3029
737
39582
37750
44002
40012
43316
37859
42532
40675
42311
43304
40472
44875
40244
2700
36913
39366
42958
37908
45022
36448
40193
41509
41833
41584
41349
39240
39483
44980
3107
43919
36688
41761
1277
44451
43988
44314
41457
41020
37403
3374
41702
38271
42466
39081
39379
40915
41697
39897
2403
42787
43982
37139
42599
43108
38987
41147
43256
2924
42074
44942
37526
44432
38082
2845
37031
44059
40380
38140
3258
41201
43597
42925
44459
37516
2963
44511
39989
42006
39118
43778
36854
2527
42389
43027
37367
43370
40814
41689
41301
40293
39966
2847
38996
43519
2978
42102
3083
42152
2631
43997
38876
37272
37337
2804
43277
44089
42793
3091
39336
39215
38708
43223
44234
37850
39299
41266
2382
2261
36646
1371
40183
43777
44873
2313
39799
40149
40772
39222
44227
3052
43902
44801
37835
38496
43830
42761
42695
42274
39319
38403
40817
38589
38428
35907
43368
37440
36877
39048
2258
44265
42368
40343
39068
38116
41348
2306
1364
40859
45052
2952
42660
42982
40616
3030
41854
39213
2713
41303
39520
41814
40474
43295
38990
41664
42740
41699
3221
38153
36883
42086
42575
3132
40970
2328
37231
40397
44918
2996
38893
41054
38635
36335
42010
36762
44291
43632
41682
44944
42332
38846
39142
42079
41942
44487
36283
38623
37098
770
38504
37430
2524
40993
36426
2430
38012
44091
40198
43636
2232
37261
42149
40981
40299
40751
43922
43382
45151
37180
2618
36894
42174
750
42416
40746
36773
2312
42631
41819
41879
36939
38363
40547
38483
2741
37105
2365
39036
2383
3257
37107
44722
42562
2995
2587
40623
38473
44026
41812
36254
39266
40681
45019
43514
40541
36695
40489
38816
2673
36761
42745
39629
37655
2632
40921
37032
44181
38091
38567
2584
3163
43358
41453
36851
43190
36685
36735
40824
42619
44464
48480
44587
42985
44950
37182
39992
39605
41501
42206
38341
42419
40411
37465
36778
2607
3264
36235
40325
40304
39599
42229
38046
43662
39047
42216
2536
38699
38743
37024
42497
43379
38434
44037
2490
3314
40162
3382
45096
43224
44926
39601
3100
37435
38248
40944
39567
39829
3026
43206
42796
44920
43145
42094
37698
36265
39607
40493
39568
42265
37667
38366
39999
43741
42974
43752
40252
42181
41892
38269
3327
39902
2358
42467
3266
38777
2427
37247
37820
42625
36180
41641
44032
2302
2522
43866
40604
39611
3128
43773
41721
40136
36752
2406
43927
38791
44373
39352
38192
39322
38391
38680
37783
37626
38902
2797
38090
37186
42735
40235
42025
37600
2508
2756
41492
2571
2396
41653
40564
38551
38395
36705
35990
40911
39804
38118
43552
42449
39393
38290
41052
39057
42727
751
39667
3333
2627
38815
39208
41143
1295
44275
3331
43506
37751
41534
43816
43818
42588
40307
43380
44199
1400
38029
2656
41717
38582
2416
42180
41226
40019
41715
37789
36312
40994
37412
37880
40530
38936
3053
38778
36200
41470
40652
44079
40477
44096
3349
38401
37395
40549
37882
40065
36587
39625
39537
43957
2657
37034
42737
44223
2434
3212
44161
40140
36231
37803
38139
40164
38325
40713
42002
38688
40657
42360
44028
43599
42367
37582
37049
41472
43679
43020
41354
40312
40972
43660
40529
37610
39073
2558
43510
37628
44757
2272
2795
42724
2375
40808
2878
43267
41663
44772
36834
42794
1403
3211
2332
38315
2297
41312
43673
40500
41046
39814
40211
40668
43061
42475
39254
42338
36896
3188
39887
40998
40499
2763
42496
42854
3181
40413
36899
48999
2284
2228
2935
40665
37673
37055
40719
42990
2442
42252
41818
36751
38073
36931
37702
44241
43959
37935
42196
40854
41148
39150
38634
37174
43605
45012
42016
42173
42470
38356
39165
48951
42535
40872
37911
2620
41652
42596
42836
38184
42563
39253
41432
1405
40661
40158
2320
42612
38879
41164
44250
38883
40975
39396
42759
40603
3254
41274
42270
42928
44617
3059
44318
2483
39976
39469
43647
2489
41838
3074
1382
2711
2269
44170
37100
41725
42513
2220
43328
41865
2414
44076
44039
43716
40769
44946
44150
40410
39987
48514
39435
36982
44006
37774
36622
44005
42643
2949
42856
37611
38841
2614
40664
40823
39431
40818
44108
42105
37372
44502
41288
42743
38949
44571
43627
44192
39074
36707
42123
40311
3196
39264
38852
3301
40497
1315
43848
3194
40608
3313
39720
36590
38196
2723
37377
40095
3018
44523
40964
42407
38528
39735
40207
42167
42881
41216
41376
43507
37720
43659
43023
41886
44098
42853
42910
45071
42850
44246
37362
44490
37064
41380
44986
43116
3024
40870
36460
38616
42099
2354
36617
2340
2347
37445
3109
38057
42781
41931
39470
2310
1301
41410
39985
41739
1316
43543
39400
42813
2569
42268
42036
41438
37917
43374
42462
2451
43688
36945
39420
36784
2957
41681
44327
41842
38333
44253
41419
2645
42824
41903
41658
38856
37579
43720
41647
40743
40396
37743
42795
42848
44081
42390
3228
40420
43874
37858
43903
36290
41095
2789
2993
44815
41399
40568
42109
2330
43091
43932
41321
37246
37951
38100
39733
43551
2481
41703
39454
42533
38056
42753
38899
42039
43230
2413
43011
2428
37589
42860
37498
43992
39945
43060
40239
41930
42515
42805
38400
44252
38034
42642
3226
37873
44188
41880
3268
44155
40152
42122
36676
2329
40081
39115
40794
44492
42262
39321
40733
39705
37919
1352
40008
2216
37529
2989
43010
37163
38847
2341
41388
41294
44146
37413
39401
40022
43672
37608
42044
37740
40114
42365
39021
44485
38137
42113
40973
43824
39424
43967
44878
43894
36515
39229
38905
3032
36968
36258
1762
44236
45051
43073
45109
40761
40051
43540
44083
38318
2731
36955
42736
44567
36917
39271
42837
37644
38099
42438
2774
40756
41776
2388
38515
40958
41118
43645
40880
43895
3054
40376
38557
39610
42567
3043
2696
38051
37853
41564
2479
42670
40172
37365
39750
41126
39719
42511
2998
44340
39114
39503
39965
38506
2486
44934
37131
36654
40888
41436
44465
2475
38477
44444
37692
2611
43760
44458
37927
41888
40300
3015
40362
43129
41167
43136
38729
42051
36726
43235
44180
44906
38244
38491
41316
40406
42609
2710
39646
691
38575
3028
43946
42738
37923
2319
41230
39143
41139
2737
39389
45084
42508
39544
42613
39008
40700
41632
42309
37467
42895
37595
37662
43904
42375
36591
760
43574
41363
41242
2499
44436
42146
44366
39994
39466
41477
41413
45014
42250
37777
42163
44165
3117
43239
43263
37833
37687
40488
37641
43590
41745
43772
3352
37870
48874
3198
38132
37621
39465
38737
2464
37463
42555
41184
38154
42211
38918
42826
43151
44742
40011
40680
39395
39865
37827
2859
37108
2572
43762
40539
37924
44403
38472
42007
43735
40557
43298
40465
38332
44121
41950
47887
2477
43202
44896
2667
38020
38180
40903
37189
42995
42046
40731
3356
43204
42054
39807
42665
36800
38711
37370
44228
43086
39171
44115
36656
36782
763
42177
42949
42056
2958
49325
42028
37356
36556
40574
2691
42692
39221
37973
42057
37569
2616
42064
2563
43995
40987
2925
38565
38217
2450
40601
42547
44535
37322
47354
2625
2885
42005
38283
41207
2999
40845
43537
36947
41844
39996
38093
40580
36565
47889
38349
38048
38923
37876
41872
40085
37309
40592
39337
44995
43231
39496
2630
42592
41545
2252
41935
38803
44478
42763
2663
43526
40819
42784
42285
40622
38541
41785
3224
43008
2703
41220
39310
39931
36983
3285
2690
2595
48658
41331
37253
40655
36293
36919
42859
38185
43579
2904
41283
2598
43492
40026
41760
42799
42855
39140
42455
39543
1342
38818
38130
44726
2830
40572
36690
40550
37914
37450
37817
42261
3320
38094
3102
44209
3270
42115
42276
43395
38373
42135
42199
41270
42823
40096
42491
37404
38487
38324
2781
41298
2345
44622
38369
42620
42904
37142
2908
43600
37540
3330
37712
43804
41128
40237
43884
42483
42295
41899
37408
40798
38467
2732
41895
43360
38607
43779
40206
38531
42734
2419
2516
758
37861
2752
42376
43148
39163
37313
40242
37047
44204
39350
2530
36952
45004
39587
3379
44049
41920
37452
43103
37948
41152
41617
40166
37318
40243
1425
40571
44148
39522
37288
37830
3255
38376
42060
41960
44999
43198
38862
40306
36008
41919
44914
3106
44536
41649
40635
43123
42065
41395
42528
44127
38629
44961
38751
40161
1355
40436
39810
35850
37323
42077
42222
43014
40596
2191
40600
38529
40649
39344
41549
37959
43542
43388
37885
42111
43897
37511
42414
43211
2644
39758
44904
3092
42771
41382
44269
42219
40328
38932
38070
43614
43078
42011
38432
2349
43554
42473
44052
38898
42548
37837
42179
42047
36536
40365
36986
43131
38177
41250
44491
44506
40173
40415
45111
37829
40507
42257
36779
39381
37609
38059
42714
39562
38628
42346
39164
37846
36853
41731
41884
37568
39645
37756
42590
39815
3298
36738
38478
40791
42112
44493
43266
38853
2959
42202
39455
40054
42783
36838
40850
2456
41753
40864
40562
44163
42708
44814
41603
38469
43225
42889
48019
37599
39723
40831
39135
40809
40457
37623
36278
36915
44244
44154
2318
36921
40025
2350
37004
36540
38047
42682
40378
38368
2355
38986
43952
41420
38342
39116
39881
42523
39517
37744
1287
45150
2709
40519
42168
43001
3050
41550
1409
37677
2583
41257
2568
38032
37689
42911
39167
2525
38292
42937
42175
36815
43053
39373
37373
43485
38904
43051
42037
37111
39501
41282
40820
41853
40170
42899
38889
3082
40810
41870
41542
38633
49528
37946
41097
42801
2290
40334
2775
40899
38678
38750
2855
39752
40721
39160
37523
41402
2972
36722
740
40961
43742
37764
38482
40055
43644
41060
41065
39585
43781
38190
39583
44243
38965
39338
40777
44957
39644
38152
37545
44632
39580
40121
41537
44808
36850
40837
39432
36613
2376
1438
44933
2431
39971
38085
37220
43354
40559
36866
44215
40035
41490
3087
40521
44142
38873
40224
2817
38552
38807
36563
40767
2899
38372
2439
37565
2287
44364
41443
2900
3121
2910
37711
3066
42009
38632
41774
40659
40321
44074
36631
38683
37686
37580
43314
1463
3358
43132
41573
37331
41769
42648
36668
43618
36698
38782
41010
36175
40942
42125
2476
40155
41771
38900
42843
39927
44336
36616
41204
44274
40630
44718
42290
45011
41334
43745
2397
49529
44705
40134
43217
39518
43918
40558
36749
44998
42405
39333
41411
38590
39689
41757
44460
43661
40118
41798
43617
42286
42552
39983
43702
37195
36814
42978
44111
48983
43639
40978
43549
39512
36975
39003
41707
45054
42297
2702
2665
1297
42430
36830
42061
37888
38261
37506
2193
3309
41606
43063
42092
37802
37960
43119
44482
38913
43730
39540
42201
38676
40375
41123
2560
1348
36881
39042
37200
2209
38985
3070
40353
44065
41390
37604
37784
2395
38102
43188
36225
37003
39561
38537
37612
41384
2357
41728
40901
41809
43700
44281
41090
39217
40883
41151
37469
42647
42838
2594
1331
2705
38282
40458
37255
40543
42371
38995
41276
42404
2748
37551
40628
39593
42127
42573
37761
43529
38371
41908
40889
41446
43243
39464
36011
36679
42126
43254
3076
42526
39226
37191
37906
42973
40024
2605
41840
36988
37762
41976
42048
40061
43343
2950
43983
44655
2882
44452
42454
40422
44352
3236
40908
40647
42108
44589
36474
41801
2823
42098
39519
2619
44216
38445
44058
2393
42266
49368
42775
38812
38659
1454
40168
40423
2461
2374
42207
40071
41558
2493
3238
40100
38410
2676
36350
1456
2641
36440
39670
36993
44251
43769
38200
42456
39549
38204
41166
37486
36642
36796
36794
3113
42343
38191
41042
44543
39681
38260
42722
41278
38188
40613
41448
43850
37672
38096
38351
41762
43563
43923
42397
38601
39699
41788
42263
41289
41351
2600
40506
783
42914
36529
42144
44972
40588
38448
37614
40879
3177
3215
40638
38347
39149
39342
42510
42882
39744
40111
38957
45050
42770
2282
40347
43831
40893
40646
37122
42934
43826
43040
2643
43166
3235
40316
42154
40327
42436
40617
38754
44731
37225
3318
38507
43471
40248
44843
39885
41418
42465
3279
1421
44152
42150
39833
36473
40189
39572
40067
38429
41657
41014
37566
37127
42310
43968
39875
43604
37577
39963
40797
36452
44770
44533
40897
2222
40795
36306
41807
40128
3378
44044
41737
43622
3190
2472
42877
41141
2534
37912
43227
3035
2903
41978
42299
40357
37918
40388
44908
3353
37129
41157
48334
43089
37649
42476
41848
2604
3036
39564
38958
3049
38510
38266
41001
41746
44430
38721
42369
44544
39285
38866
40177
37478
41730
42384
3362
38348
36504
37547
39528
38122
43646
41938
2916
43182
3063
42156
36978
36788
41130
2672
38530
39579
41887
38563
44449
44248
42230
2433
41724
2190
37073
37763
36687
41144
36849
44064
41049
43363
41360
37629
3367
42840
41299
44794
747
38618
42851
43531
38010
37594
37832
36061
36816
43141
40229
40208
43334
42814
40098
43365
2951
43822
41780
41559
43998
1305
37753
42900
39136
41449
37865
2683
39656
42791
39399
43961
2948
1472
43839
44874
42493
42190
41400
37428
38536
42524
41053
43920
37715
2930
36638
41772
36770
38220
44769
37535
44035
37239
43162
36925
2828
38319
43986
39438
2634
45021
43626
39578
45040
38489
40476
3240
41752
38503
41712
37883
38216
42976
37741
42709
43300
38970
38264
41656
1441
43900
40639
2485
40747
44467
44160
41758
42203
44048
43128
41557
42733
2280
43012
2398
44985
42762
44837
39547
37328
37097
42029
43229
41911
40102
2277
42176
44940
40898
38361
36539
41219
43546
2984
38741
37243
44132
39700
39956
37979
43109
44894
37110
43829
37058
44887
37660
42366
37023
42012
49051
41189
2629
38825
43513
37863
2820
37860
44615
42758
43436
36712
37736
43163
2217
43504
2906
38559
43535
37505
39851
41488
42748
42898
40829
40342
38870
43072
1368
38135
2769
37269
40249
40178
40674
44618
42849
42292
42043
44910
41747
42110
42685
43770
37709
38206
2969
40602
43766
42987
38881
39498
37359
41979
39387
40192
40678
42506
41943
2492
43619
2532
38198
37931
2647
2293
36984
40364
47479
42565
44365
37559
39128
37188
40812
2438
39159
37312
2894
39394
36725
2538
43178
43743
37926
42480
40660
44712
40599
37772
41335
41192
42564
38961
37550
39620
41364
37302
38872
2764
2294
2210
43693
37316
41925
42989
38111
44651
40462
2562
40363
36159
42807
43686
38543
39034
43187
3297
42502
3219
41357
42133
39680
41392
37656
45025
39798
40953
40437
44290
40087
38377
39230
39314
3193
37524
2478
38535
36317
38792
44225
2955
3020
2854
36664
38176
3064
42504
43980
41061
37254
39786
43534
42451
40863
36806
2432
42556
40419
2947
40881
40461
43208
37080
2842
41232
38358
41251
2633
38381
40106
41666
37407
36246
42204
40768
39421
42624
37722
43611
44717
41605
2466
42996
43418
3145
3336
39570
43400
40992
40440
38779
41851
43349
42551
2334
44526
43930
42704
39978
40322
38542
41248
40023
2971
3048
2889
36807
36987
3060
40199
36876
44956
38383
44210
41048
41934
42729
39627
44249
37765
36966
40605
3216
2765
40748
44222
40093
39212
42018
37353
42280
44936
39556
2784
39347
37567
3293
41293
41990
42841
2288
2701
38138
41466
40737
41531
42413
38238
38522
41258
42055
42434
42913
3302
36499
39504
2670
37171
2555
43630
42320
39444
40954
39824
3376
43017
41169
37875
41163
3123
35861
38387
42566
2517
36513
40414
2496
3269
43612
2888
40576
43472
36809
43576
43729
41900
43805
43463
41203
39509
39297
40684
40960
43849
37364
38393
37491
48915
3372
37326
42035
43393
43201
41105
1457
37236
1373
38186
39694
3040
47918
3407
764
38433
2500
2285
42450
38851
42912
36858
2815
39986
41111
38218
39133
40658
38299
2674
2331
44540
37842
42602
41540
48688
44466
42293
37528
3316
43342
37389
42675
37193
36895
38785
785
2574
39038
37327
44591
40144
41578
45056
42946
41832
37980
2783
2367
43422
2549
41132
43698
2511
2546
40069
40802
41803
41218
39220
37155
37273
37531
42550
2444
38031
41469
40560
39521
44139
43034
36250
2603
41000
44226
40323
41665
44558
38304
2545
48829
36434
39730
45149
2653
43272
44619
39416
41678
37442
43675
2458
2327
37346
37081
43536
42087
37669
39345
44384
36665
2707
2938
43800
44902
41094
37041
40143
2678
2650
37187
3244
42802
43409
39854
39990
41980
2796
1333
39033
40331
45039
39162
40851
40726
36292
41476
44935
36956
43516
39474
49526
1397
41185
37063
37002
45017
43021
39232
42337
38798
38253
37849
42271
42269
2292
44510
2827
688
40833
38262
40372
37256
44051
39770
44476
3218
42090
2233
42756
41077
2554
44050
42030
38466
41245
36857
47921
2234
2649
44871
41862
37009
41414
36813
42540
36818
39375
39422
3406
39621
37490
2408
38105
45047
39111
42678
42161
44433
43417
43269
37630
38564
39275
42352
44521
689
2370
42471
42639
42725
3187
44921
3131
44431
38696
42238
42100
36684
37028
44868
43329
2291
42871
38648
41214
38808
40846
40101
43375
41016
39539
39507
43325
2883
44932
36686
38832
37106
44024
36635
38896
43176
39035
43070
38691
43681
37209
44937
2495
2810
42971
3002
44218
41461
36781
41655
39067
2338
37597
43130
40796
39122
1385
40839
36989
42750
3009
42217
38030
49052
2881
41963
40515
43306
44982
42869
40667
44203
38827
38622
3237
42308
2404
41953
2689
43710
2542
38733
40490
38534
36772
43634
40052
41912
42628
42918
41610
39364
3111
39181
39485
38462
40119
43934
38252
39634
41106
1351
42307
3104
37301
2435
49521
42689
37278
37418
2640
2964
42945
43791
38024
42447
40843
39754
44057
41743
44054
42042
42716
41516
43000
44124
37241
42644
43500
40445
38101
36667
37602
38211
40699
37576
42721
43033
44463
41917
38181
39436
3097
41478
40059
723
41856
40345
36512
2585
2307
38757
40671
1293
2454
40000
36808
43259
40295
2446
41913
43905
43883
3384
44941
43740
41368
41474
41213
43739
2533
42831
42998
1302
40336
37306
2565
41202
3153
41271
2880
43856
42944
36780
42866
44869
40779
2662
40712
41613
42411
43006
40979
38631
38556
44311
1325
42739
43676
38910
2378
38858
40091
37800
38519
36503
41845
40526
43607
42766
37223
44888
3098
2267
43650
38810
38502
2890
40612
41434
41206
2316
40991
43508
44898
42726
2757
38120
39127
43369
41714
37847
41455
42461
37651
42331
39146
40913
42412
41456
37298
40687
2826
3008
40621
44479
41259
40832
2712
42832
42245
2440
42536
2411
38343
42779
38759
44893
2415
36979
40349
748
38463
43587
2459
3332
38730
43695
42712
40986
37571
40878
42145
2255
39249
41262
42768
44441
40735
43076
42487
37796
40421
43953
41951
1432
2311
3108
3345
39548
44363
37834
3150
2834
37462
2519
39199
2468
45152
41011
1473
41622
44798
41802
38287
39290
44359
40662
41170
39630
43028
41327
42200
38251
44755
42541
43270
36967
37284
38128
38378
44224
43054
39734
36097
43092
39241
42474
42160
37699
39155
38475
38909
3206
39280
42182
38306
40569
37757
43915
37936
37978
43517
43907
43602
38533
2759
2597
3155
41482
2443
43262
37169
43548
39332
2686
2626
43453
42554
38844
40236
44283
40982
37795
37658
38901
42132
2943
41465
38453
3225
38597
41754
37021
37663
39323
39898
40139
43667
37061
37648
3296
38242
41194
39781
43468
40976
42129
41092
2623
38984
41611
44509
39117
42049
39172
42130
38215
2515
40408
42797
2503
38526
44750
45036
42097
43412
39608
39066
47917
36287
42256
44262
42001
42993
40496
37639
44428
3272
36435
40225
42118
40533
41723
41713
2240
37755
42959
39144
37603
38603
37775
43004
37358
41660
40122
41102
3007
40212
41205
42608
40141
2409
44664
2857
43786
39650
3299
40484
40133
42870
2642
42597
40352
40683
40716
2681
36280
39598
41612
3256
41914
43868
2809
37989
45037
41337
42968
2871
2592
43803
40739
40389
39500
36753
42485
41933
37552
41341
38339
43332
42543
43938
37287
39349
1329
40259
39263
40088
42325
43221
37971
43169
37617
3041
42845
42134
40727
43609
2266
37701
37466
2326
41091
37019
40787
42038
42819
43291
38399
38939
36958
44483
40027
41988
38159
44967
3062
36491
2513
38058
42333
2540
37674
43205
41878
43522
39529
2514
41311
43448
35971
2588
39055
41098
42777
44876
39119
37385
40567
40368
38585
2867
37889
2200
36658
44501
45069
39390
2552
41957
41623
38525
39974
39715
43152
43156
44939
2371
39385
38942
3005
39917
40516
39024
38584
42684
41989
43711
37148
41871
41161
40842
38962
40775
42542
38735
44313
43718
40877
40525
47913
3348
41874
36630
42448
43682
41287
43490
37507
42525
42040
43424
41882
38501
36875
38040
2289
1366
41868
44450
37077
44522
38272
42873
43082
43832
37746
37583
37897
37113
43642
44504
43139
3214
36433
41784
41973
38787
36043
40967
3013
3262
45107
2457
2697
39697
43018
38568
38041
37332
36517
2202
37492
40351
38746
44167
41763
45153
38694
44410
41533
37050
39214
43901
40811
2902
41239
40004
41642
42361
41563
38561
3227
41904
38357
38338
38439
42423
45078
42195
37925
43386
2254
39153
41946
2235
3242
43780
43372
44255
41422
39324
40401
36900
40522
43776
38493
40246
41869
3085
41174
40505
40894
2901
44488
43520
3359
2418
39186
43896
43344
2498
44219
41325
44073
43913
2386
39201
37920
42803
41409
40184
43631
2467
40120
42021
2470
2544
43754
40717
44069
41956
36059
40861
36614
42422
38374
43154
38406
40750
44179
42139
40632
3001
42147
40701
39684
36463
41928
38946
38068
3081
41330
44000
3354
43853
41120
42237
41215
41738
36892
40799
41168
44238
38249
38948
45076
38037
36717
40460
42967
42213
37700
45005
42546
38274
1284
39270
39967
42569
3319
36295
2460
38772
40399
38731
39368
39194
44419
41767
42586
43121
3340
38700
42970
41527
2412
2786
40228
2728
42650
43722
39679
40698
41877
42984
38323
41362
41985
37541
38646
2315
41810
37147
39148
43083
42744
38599
44977
40169
38317
38554
44036
40959
40656
41131
44953
38353
42635
42084
41517
41160
39207
37675
2785
39294
42093
39980
42359
36702
40544
40202
36828
41974
39183
39614
42228
36728
43469
44279
2529
43408
40137
40131
43793
2965
43527
43564
36861
37581
38871
42336
49524
37152
43184
692
43433
39083
42495
36990
38921
44439
44477
3135
36996
2268
41830
43203
42155
41021
40896
3278
38497
44505
44194
41858
43916
39817
38817
42314
41958
43891
3338
38550
41923
40762
1398
3202
2685
43081
37415
40289
43651
38800
3077
39315
44848
43260
42394
41873
39467
40528
43210
43784
41932
43313
43416
3277
40190
42418
36908
39234
39313
44473
43173
44196
42559
36845
44885
44753
41518
41369
38113
43962
38894
2212
44534
41346
2231
47886
3037
43958
43963
42690
43864
39678
38955
36785
42088
42933
45063
36848
40047
38637
40471
3288
38219
37417
38947
41498
37206
43925
43310
41926
43709
44954
762
41831
37485
42811
37076
42431
42050
49525
43002
40227
43714
38278
39686
42402
37057
2402
43450
43456
40318
37432
42121
36953
41043
43892
41536
39040
37431
36309
41940
39482
40348
44997
44971
42828
40451
43878
36492
42318
37304
3300
42529
3166
41896
3004
2300
42679
45015
44182
43421
41551
39552
38927
40631
40366
42410
44129
36432
39889
41173
36444
36002
38532
43588
37292
42303
39944
40405
45075
38049
3116
43814
40083
42442
39764
2283
41816
36489
2860
43237
42395
42706
41191
37839
45048
43758
40538
37944
44909
36522
40821
44018
40086
41067
38412
43330
37838
44019
38345
2314
40996
40834
42713
2812
40858
43373
42601
38766
42527
2985
39806
38233
2819
3375
39023
41646
44897
38050
37622
2743
44983
36882
49532
43186
42808
41670
42705
40329
44193
41813
42570
43771
37046
40722
42305
42472
2491
3078
2954
39920
41645
42962
39063
44266
38417
40335
44507
37942
44183
36548
37234
37665
37258
3294
2410
3326
43586
40373
40895
44053
37573
43311
2692
37836
39958
37688
2197
44090
44701
41389
37733
42538
2423
40062
3233
2226
44620
37769
43798
42091
37173
36716
40579
37114
41284
41705
43827
44434
39695
36754
3303
37473
2687
42083
2628
36569
40523
38316
40438
36962
40005
41967
42104
2507
43637
42248
42610
38797
38784
37848
39295
44324
38098
49522
42752
39443
40370
40838
2612
38405
2426
39343
43687
37717
41121
49461
2390
2609
38296
44315
37841
37238
40075
49534
43595
43302
2596
2805
36898
2279
40689
43943
41483
37520
42891
40346
2768
42031
43146
38150
38684
38117
44739
40219
44446
36720
2360
2811
37982
2566
3274
2780
43965
43929
3175
38732
41494
36454
42212
39335
42701
2567
43734
37214
41460
44198
40766
3199
1282
47888
42321
3295
2506
39071
44556
41901
35868
41051
43035
37079
47368
48680
43575
41112
40385
37913
2405
38620
43090
42372
1746
42921
41918
43515
37494
39638
43036
2856
37502
43207
40666
44569
40251
37419
40885
36743
3210
41355
41295
2730
40203
42446
38485
36885
44123
39778
39120
2648
2336
42627
37811
40582
42350
41374
40324
44945
43124
37402
44214
36648
2553
40977
43029
37643
37804
41135
38701
38022
43738
44927
43320
39724
42520
2858
753
41339
41281
43477
45138
44588
43299
42003
36840
39304
43719
41796
43327
41766
38713
40142
39187
43570
2739
43727
43976
40315
44271
2896
42786
2480
44673
39112
38928
37512
36585
41609
38781
42259
42246
43765
2755
43470
42587
41964
42887
42954
42571
39828
42615
42518
44715
40135
37518
42435
40160
42251
39152
3311
43834
44947
2482
36634
38588
37929
38006
38850
44317
41050
42875
44022
2688
39742
41839
39037
38277
42013
43870
41428
36538
3223
43996
38036
37585
42498
40892
40584
43845
40082
38062
40394
2298
44122
38572
38382
37790
3185
2343
40856
40900
39346
38861
40816
2462
38693
37548
39269
44041
44725
43538
40969
37335
44303
36811
42755
3159
39718
43750
42621
44494
43142
2276
42600
37201
43690
2905
38257
3143
2337
38241
43886
44259
3289
2504
43297
40350
41520
43055
37939
42058
40387
2602
2886
42075
37564
38953
37065
43792
39531
38311
42441
42618
41954
2861
39919
2773
44319
38077
42017
37374
42334
43616
36409
38080
37616
44383
2736
36703
36558
37354
38917
45038
3260
43999
43796
39884
40150
746
2832
38078
44807
2735
38456
36810
36901
2744
44305
38698
3156
2772
39988
37941
44882
37996
40217
1363
42041
39565
44092
42604
41372
44306
43120
42858
38674
3142
37821
36298
37538
35867
38380
43670
40841
42885
44847
42544
43134
38344
41421
41661
39242
37593
37267
2983
42032
40548
39069
42820
40444
40532
42516
36537
3157
39409
2825
41500
2802
42209
3072
43887
44270
2988
37916
42260
36980
42822
38715
43643
42364
36727
39609
38538
2299
36865
37276
3377
42275
2250
37994
2624
38019
38250
43195
37725
36524
40483
44974
2753
40510
36577
39545
38819
40783
44134
39380
40760
38273
41367
37001
38189
38868
43019
38997
44545
43149
44649
40297
42439
37363
39013
41835
41966
37690
40222
42291
36395
42584
37464
41984
42764
44508
2956
37277
41952
37099
40064
42991
2387
3347
44531
43933
38517
40068
40509
43126
38583
42920
39316
36748
44007
44690
44171
2866
37300
37020
39151
41673
43945
36266
43625
42728
41073
42069
39998
42545
2523
40857
45003
2821
41596
40450
43989
2684
38354
3127
43737
40416
42499
43303
44294
42231
47885
37893
40590
37513
42421
41229
41668
38492
39126
2368
38938
41405
2990
38379
42654
43031
42812
41110
40575
44017
43544
37378
40469
2400
43937
41249
40443
3271
44886
2245
38518
43215
44861
40201
43855
2465
40218
40441
41107
39939
37851
40175
43620
41975
2325
37874
41440
40785
37436
2488
42530
43615
1359
3373
44981
43568
2424
38053
37798
44970
41227
43100
44624
3286
42356
3023
45034
3140
42917
42539
41068
37981
36596
42975
2746
43960
44489
37519
42594
44457
44577
41475
37324
41495
38435
42326
42633
39293
37679
41025
37891
36713
41484
44517
38762
45049
40686
36886
43026
38131
40757
42519
42070
2762
44907
39250
42143
40066
41583
37196
40583
37768
42184
2876
2436
43473
44001
40074
2615
38346
41320
37871
43936
43606
45154
37008
41394
44905
37128
42396
44711
37433
44130
43990
45030
44136
2391
43594
2870
42867
41252
41744
39510
41188
37294
41435
40424
1439
2738
48779
42965
40984
42788
36243
36196
36535
44832
38308
41396
41525
44703
2622
721
39541
3122
3119
40790
41998
44447
47360
41178
43553
36783
43287
743
43265
41546
36197
44264
2578
43294
2273
2441
37026
42691
39282
2637
39022
42008
38426
2270
44038
40578
40827
40585
41504
39516
41948
2613
2471
44827
44650
40663
43717
2798
41393
43292
2333
42833
37627
41473
39359
43775
41398
43191
42981
2214
37390
43875
40597
2392
41096
2636
3152
42711
42082
44988
45028
42170
42415
42558
39300
2369
44729
44407
40338
39200
42148
43530
38558
41742
41323
35764
36586
44094
2655
44623
42549
43044
41523
40848
37095
42159
41514
40154
36663
37116
36167
2980
40563
41379
41015
40171
39195
42953
39255
36351
36625
39211
2864
38123
40855
36957
42817
36941
44626
43071
42876
38421
40072
42886
37878
41859
43608
41924
42906
36724
38801
41153
36645
38488
38527
43085
42655
40186
42178
41238
42774
38553
39511
42776
43218
40771
37892
40593
43577
39972
41927
39410
37932
38717
43214
2669
40084
38124
41522
38214
37319
42296
